Time (s),Location - X (cm),Location - Y (cm),Orientation - Pitch (°),Orientation - Roll (°),Orientation - Yaw (°),Gyroscope - Pitch (°/s),Gyroscope - Roll (°/s),Gyroscope - Yaw (°/s),Accelerometer - X (g),Accelerometer - Y (g),Accelerometer - Z (g),Accelerometer - Total (g),Velocity - X (cm/s),Velocity - Y (cm/s),Velocity - Total (cm/s),Distance - X (cm),Distance - Y (cm),Distance - Total (cm)
0.00,0.00,0.00,3.00,0.00,3.00,-0.9,0.4,0.0,-0.01,-0.05,1.01,1.01,0.00,0.00,0.00,0.00,0.00,0.00
0.13,0.00,0.00,3.00,0.00,3.00,0.0,-0.6,0.0,-0.01,-0.05,1.01,1.01,0.00,0.00,0.00,0.00,0.00,0.00
0.20,0.00,0.00,3.00,0.00,3.00,-9.4,-0.4,-11.4,-0.07,-0.10,1.07,1.08,0.00,0.40,0.40,0.00,0.00,0.00
0.31,0.00,1.00,14.00,0.00,-1.00,-265.4,-5.0,-41.3,-0.24,-0.02,0.96,0.99,1.00,34.70,34.71,0.00,1.00,1.00
0.41,0.00,6.00,49.00,0.00,-1.00,-169.6,28.8,7.4,0.13,-1.11,0.46,1.21,3.90,44.30,44.47,0.00,6.00,6.00
0.51,0.00,9.00,50.00,-3.00,-1.00,155.6,16.4,16.2,-0.22,-0.83,0.22,0.89,1.80,18.60,18.69,0.00,9.00,9.00
0.60,1.00,13.00,40.00,-5.00,0.00,72.6,-10.8,-12.5,-0.79,-0.41,0.28,0.93,2.30,50.70,50.75,1.00,13.00,13.24
0.71,1.00,19.00,39.00,-4.00,0.00,95.0,-19.3,4.2,-0.04,-0.22,0.73,0.76,4.80,62.70,62.88,1.00,19.00,19.24
0.80,1.00,26.00,29.00,-2.00,0.00,126.1,-15.0,11.9,0.08,-0.03,0.99,0.99,4.70,71.70,71.85,1.00,26.00,26.24
0.89,2.00,34.00,15.00,-1.00,0.00,133.6,-7.8,-4.0,-0.36,-0.03,-0.03,0.36,2.60,79.70,79.74,2.00,34.00,34.36
1.05,2.00,43.00,6.00,0.00,0.00,255.2,-1.0,0.9,-0.31,-0.01,0.69,0.76,2.00,76.50,76.53,2.00,43.00,43.36
1.09,2.00,52.00,-1.00,0.00,0.00,63.6,-5.0,-16.4,-0.68,-0.02,0.07,0.69,1.50,97.50,97.51,2.00,52.00,52.36
1.21,2.00,58.00,-28.00,-1.00,0.00,340.4,6.2,8.6,0.10,0.65,0.76,1.01,-1.30,43.60,43.62,2.00,58.00,58.36
1.31,2.00,63.00,-61.00,-1.00,0.00,192.5,10.9,0.0,-0.16,0.96,0.70,1.20,-2.40,46.40,46.46,2.00,63.00,63.36
1.40,2.00,70.00,-62.00,-1.00,0.00,-198.9,0.6,-2.6,0.00,1.25,0.25,1.27,-3.90,80.20,80.29,2.00,70.00,70.36
1.51,1.00,76.00,-52.00,-3.00,-1.00,-22.7,19.4,-13.3,-0.22,0.81,0.29,0.89,-2.80,34.50,34.61,3.00,76.00,76.52
1.61,1.00,79.00,-45.00,-6.00,-1.00,-9.9,12.8,12.5,-0.16,0.85,0.52,1.01,-2.90,24.60,24.77,3.00,79.00,79.52
1.71,1.00,82.00,-31.00,-6.00,0.00,-98.7,-6.4,-15.1,-0.08,0.57,0.67,0.88,-1.00,28.90,28.92,3.00,82.00,82.52
1.80,1.00,84.00,-20.00,-5.00,0.00,-229.0,-15.4,5.6,-0.13,0.26,0.79,0.84,0.00,22.80,22.80,3.00,84.00,84.52
1.91,1.00,86.00,-7.00,-1.00,0.00,-99.1,-76.8,9.7,0.00,0.11,1.02,1.03,5.00,10.70,11.81,3.00,86.00,86.52
2.02,1.00,87.00,2.00,5.00,0.00,-68.4,-35.9,5.2,0.14,-0.10,0.97,0.99,2.40,6.40,6.84,3.00,87.00,87.52
2.11,1.00,87.00,7.00,6.00,0.00,-12.8,43.6,6.0,0.10,-0.16,0.97,0.99,-2.70,2.20,3.48,3.00,87.00,87.52
2.22,1.00,89.00,17.00,5.00,-14.00,-326.1,-13.1,-407.2,0.34,-0.19,1.00,1.08,-3.90,51.60,51.75,3.00,89.00,89.52
2.31,1.00,94.00,44.00,26.00,-56.00,-348.4,24.8,-324.7,0.39,-1.01,0.31,1.13,9.50,56.40,57.19,3.00,94.00,94.52
2.40,2.00,99.00,50.00,24.00,-76.00,-88.5,197.5,47.0,0.12,-0.98,0.15,1.00,17.50,39.10,42.84,4.00,99.00,99.68
2.50,5.00,103.00,58.00,5.00,-79.00,-54.0,173.0,108.4,-0.62,-1.34,0.48,1.55,41.70,43.20,60.04,7.00,103.00,104.75
2.61,10.00,107.00,64.00,-8.00,-77.00,15.3,85.3,89.1,-0.66,-0.97,0.36,1.22,54.40,40.70,67.94,12.00,107.00,111.18
2.71,15.00,111.00,54.00,-16.00,-77.00,168.0,29.6,55.1,-0.28,-0.11,0.87,0.92,55.30,38.90,67.61,17.00,111.00,117.62
2.81,20.00,115.00,37.00,-23.00,-78.00,169.2,26.5,52.6,-0.39,-0.92,0.28,1.04,61.70,33.10,70.02,22.00,115.00,124.05
2.93,27.00,117.00,18.00,-27.00,-78.00,164.0,-45.9,24.3,-0.62,-0.07,1.18,1.33,74.70,22.40,77.99,29.00,117.00,131.34
3.01,34.00,119.00,4.00,-24.00,-82.00,136.8,-34.5,-30.8,0.40,-0.22,-0.12,0.47,78.10,9.90,78.72,36.00,119.00,138.62
3.11,43.00,119.00,-2.00,-18.00,-86.00,24.0,-140.2,-5.6,0.19,0.03,1.32,1.34,90.70,-5.20,90.85,45.00,119.00,147.62
3.22,51.00,118.00,-8.00,0.00,-90.00,97.3,-193.8,-16.4,0.01,0.37,0.82,0.90,81.30,-14.40,82.57,53.00,120.00,155.74
3.32,56.00,117.00,-35.00,15.00,-91.00,360.5,-129.2,-25.3,-0.23,0.84,0.76,1.15,37.10,-6.70,37.70,58.00,121.00,161.16
3.40,61.00,117.00,-55.00,20.00,-93.00,159.1,-52.4,1.7,0.54,0.94,0.67,1.27,43.60,2.00,43.65,63.00,121.00,166.16
3.54,67.00,117.00,-58.00,20.00,-93.00,-1.4,4.1,31.3,0.25,0.90,0.43,1.03,50.50,5.50,50.80,69.00,121.00,172.16
3.62,71.00,118.00,-52.00,15.00,-93.00,-69.9,85.6,-23.7,0.22,1.02,0.54,1.17,40.20,7.40,40.88,73.00,122.00,176.39
3.71,75.00,118.00,-42.00,7.00,-92.00,-141.3,68.6,30.6,-0.01,0.84,0.80,1.16,32.80,8.70,33.93,77.00,122.00,180.39
3.82,77.00,119.00,-27.00,7.00,-89.00,-203.9,-49.0,59.0,0.24,0.55,0.76,0.97,28.80,-2.80,28.94,79.00,123.00,182.81
3.93,79.00,118.00,-13.00,16.00,-87.00,-83.4,-60.5,50.8,0.26,0.22,0.93,0.99,11.70,-3.70,12.27,81.00,124.00,185.22
4.00,80.00,118.00,-4.00,23.00,-84.00,-67.8,-66.2,38.7,0.43,0.05,0.90,1.00,7.20,-3.80,8.14,82.00,124.00,186.22
4.11,81.00,118.00,3.00,26.00,-82.00,-45.4,46.3,24.0,0.48,-0.09,0.90,1.02,3.80,3.30,5.03,83.00,124.00,187.22
4.20,81.00,118.00,6.00,17.00,-92.00,-133.2,79.5,-339.6,0.22,0.32,1.29,1.34,19.70,8.70,21.54,83.00,124.00,187.22
4.30,85.00,118.00,27.00,31.00,-140.00,-471.5,-82.5,-424.9,0.59,-0.57,0.42,0.92,50.00,-12.20,51.47,87.00,126.00,191.69
4.42,89.00,118.00,37.00,41.00,-171.00,-65.9,198.1,-2.2,0.78,-0.65,0.20,1.04,27.70,-21.80,35.25,91.00,126.00,195.69
4.51,92.00,114.00,43.00,17.00,-175.00,17.4,301.6,116.4,-0.19,-0.94,0.85,1.28,33.10,-42.60,53.95,94.00,130.00,200.76
4.61,95.00,108.00,51.00,-8.00,-174.00,-26.5,187.8,96.4,-0.35,-1.16,0.12,1.22,28.70,-66.50,72.43,97.00,136.00,207.53
4.74,98.00,102.00,44.00,-23.00,-171.00,48.0,52.8,54.6,-1.42,-0.66,0.89,1.80,24.30,-65.80,70.14,100.00,142.00,214.30
4.82,100.00,95.00,30.00,-25.00,-170.00,144.4,-37.8,-9.0,-0.51,-0.64,0.59,1.01,22.90,-71.50,75.08,102.00,149.00,221.58
4.91,102.00,88.00,13.00,-21.00,-174.00,164.3,-12.8,-9.0,0.56,0.42,0.10,0.71,11.90,-83.20,84.05,104.00,156.00,228.87
5.02,102.00,80.00,6.00,-20.00,-175.00,14.5,-57.0,-15.1,-0.15,-0.35,0.57,0.68,3.40,-91.50,91.56,104.00,164.00,236.87
5.12,102.00,71.00,1.00,-13.00,-177.00,53.7,-83.2,-42.7,-0.19,0.31,0.73,0.81,-2.30,-87.40,87.43,104.00,173.00,245.87
5.20,102.00,62.00,-4.00,-6.00,-180.00,117.2,-66.4,16.1,-0.12,0.18,0.20,0.30,-4.80,-78.10,78.25,104.00,182.00,254.87
5.31,101.00,56.00,-31.00,0.00,-179.00,391.5,-49.6,19.2,-0.16,0.89,0.62,1.10,-6.70,-35.40,36.03,105.00,188.00,261.10
5.43,101.00,52.00,-58.00,2.00,-180.00,122.8,-29.9,24.7,0.44,1.05,0.90,1.45,-2.70,-50.70,50.77,105.00,192.00,265.10
5.51,101.00,46.00,-57.00,5.00,-180.00,-101.7,-10.9,10.1,0.13,0.80,0.10,0.82,0.90,-55.80,55.81,105.00,198.00,271.10
5.61,101.00,41.00,-51.00,4.00,179.00,-71.9,16.3,-11.2,0.21,0.74,0.59,0.97,0.60,-39.80,39.80,105.00,203.00,276.10
5.74,101.00,38.00,-40.00,2.00,179.00,-56.4,31.6,-13.6,0.10,0.78,0.76,1.10,2.10,-20.40,20.51,105.00,206.00,279.10
5.81,101.00,35.00,-21.00,0.00,179.00,-114.9,10.0,-8.7,-0.06,0.52,1.01,1.14,-0.20,-26.10,26.10,105.00,209.00,282.10
5.92,101.00,33.00,-11.00,0.00,179.00,-164.7,-9.4,17.3,0.01,0.25,0.97,1.01,-0.90,-13.10,13.13,105.00,211.00,284.10
6.02,101.00,32.00,1.00,0.00,179.00,-90.0,7.6,0.5,0.02,-0.09,0.98,0.98,0.20,-7.10,7.10,105.00,212.00,285.10
6.11,101.00,31.00,9.00,0.00,179.00,-15.3,20.2,2.3,-0.03,-0.19,0.96,0.98,1.20,-1.80,2.16,105.00,213.00,286.10
6.22,101.00,32.00,7.00,-2.00,179.00,58.0,7.2,4.3,-0.06,-0.10,0.99,0.99,0.50,3.00,3.04,105.00,214.00,287.10
6.32,101.00,30.00,12.00,0.00,171.00,-374.2,-71.2,-319.8,-0.46,-0.15,1.01,1.11,-5.50,-65.10,65.33,105.00,216.00,289.10
6.41,100.00,24.00,45.00,23.00,138.00,-233.8,-19.1,-312.7,0.54,-0.63,0.51,0.97,-6.30,-56.80,57.15,106.00,222.00,295.26
6.55,100.00,19.00,36.00,33.00,104.00,-17.5,259.5,-94.2,0.56,-0.91,0.64,1.24,-2.00,-38.10,38.15,106.00,227.00,300.26
6.65,97.00,15.00,41.00,7.00,97.00,-146.1,294.3,108.4,-0.14,-0.58,0.78,0.98,-54.90,-40.80,68.40,109.00,231.00,305.33
6.71,91.00,12.00,50.00,-17.00,100.00,-33.7,113.3,81.2,-0.64,-1.06,0.43,1.31,-65.10,-32.90,72.94,115.00,234.00,312.10
6.82,86.00,8.00,45.00,-25.00,102.00,163.2,0.6,34.1,-0.33,-0.82,0.44,0.99,-46.20,-32.80,56.66,120.00,238.00,318.53
6.93,80.00,6.00,29.00,-23.00,101.00,161.2,-64.9,-4.4,-0.79,-0.45,1.25,1.54,-57.20,-21.00,60.93,126.00,240.00,324.86
7.01,73.00,4.00,14.00,-16.00,95.00,171.6,-15.8,-22.1,0.07,-0.28,0.03,0.29,-69.40,-11.80,70.40,133.00,242.00,332.33
7.16,65.00,3.00,5.00,-16.00,93.00,93.0,-29.6,21.1,-0.24,-0.00,1.02,1.05,-89.20,-5.30,89.36,141.00,243.00,340.45
7.24,56.00,3.00,0.00,-10.00,92.00,29.1,-81.7,-34.0,-0.33,0.20,0.72,0.82,-93.70,2.00,93.72,150.00,243.00,349.45
7.32,49.00,3.00,-21.00,-5.00,90.00,293.2,-19.8,13.5,-0.11,0.42,0.80,0.91,-54.40,6.50,54.79,157.00,243.00,356.45
7.44,45.00,4.00,-51.00,-2.00,90.00,328.2,-0.7,13.1,-0.06,1.20,0.58,1.34,-37.80,8.30,38.70,161.00,244.00,360.69
7.52,40.00,5.00,-62.00,0.00,90.00,-34.8,-29.1,3.1,-0.41,0.83,0.24,0.95,-56.20,9.30,56.96,166.00,245.00,365.92
7.62,34.00,6.00,-55.00,2.00,90.00,-80.6,-38.9,22.5,0.12,1.30,0.51,1.40,-48.60,6.90,49.09,172.00,246.00,372.08
7.77,30.00,6.00,-46.00,8.00,91.00,-250.2,-31.1,10.0,0.11,0.92,0.64,1.12,-46.50,5.50,46.82,176.00,246.00,376.08
7.82,28.00,6.00,-37.00,12.00,91.00,-226.6,-5.7,25.1,0.09,0.92,0.66,1.14,-31.70,2.80,31.82,178.00,246.00,378.08
7.90,25.00,7.00,-21.00,11.00,91.00,-136.1,41.0,-6.3,0.27,0.43,0.91,1.04,-13.90,-1.90,14.03,181.00,247.00,381.32
8.01,24.00,6.00,-9.00,6.00,90.00,-135.2,64.8,1.1,0.12,0.19,1.08,1.10,-11.70,-3.80,12.30,182.00,248.00,383.32
8.11,23.00,6.00,3.00,-1.00,90.00,-67.0,81.1,-1.7,-0.06,-0.14,0.91,0.92,-6.10,-5.10,7.95,183.00,248.00,384.32
8.20,23.00,6.00,7.00,-6.00,90.00,27.1,-53.5,0.0,-0.08,-0.13,0.98,0.99,0.40,3.30,3.32,183.00,248.00,384.32
8.33,23.00,6.00,1.00,0.00,90.00,84.5,-54.5,1.1,0.08,0.01,1.01,1.01,4.40,3.50,5.62,183.00,248.00,384.32
8.42,24.00,6.00,-8.00,4.00,90.00,59.0,25.4,-8.2,0.11,0.24,1.00,1.03,3.10,-1.40,3.40,184.00,248.00,385.32
8.49,24.00,6.00,-11.00,-1.00,90.00,-23.3,50.1,-12.5,-0.08,0.15,0.93,0.94,-2.40,-3.10,3.92,184.00,248.00,385.32
8.61,24.00,6.00,-10.00,-5.00,89.00,-18.8,9.3,-3.9,-0.14,0.19,0.98,1.01,-1.30,-0.60,1.43,184.00,248.00,385.32
8.72,23.00,6.00,-7.00,-4.00,89.00,-28.4,-27.0,1.8,-0.09,0.13,0.99,1.00,-1.90,1.60,2.48,185.00,248.00,386.32